Start: (100, 100) -> 13
Goal: (150, 150) -> 19
887
103
100 100
101 100
102 100
103 100
104 100
105 100
106 100
107 100
108 100
109 100
109 99
110 99
111 99
112 99
113 99
114 99
115 99
116 99
117 99
118 99
119 99
120 99
121 99
121 100
121 101
122 101
123 101
123 102
124 102
125 102
126 102
126 103
127 103
128 103
129 103
130 103
131 103
132 103
132 104
132 105
132 106
132 107
132 108
132 109
132 110
132 111
133 111
134 111
134 112
134 113
134 114
134 115
134 116
135 116
135 117
135 118
135 119
136 119
136 120
137 120
137 121
138 121
138 122
139 122
139 123
139 124
139 125
139 126
139 127
139 128
139 129
140 129
141 129
142 129
143 129
143 130
144 130
144 131
145 131
146 131
147 131
147 132
147 133
147 134
147 135
147 136
147 137
147 138
147 139
147 140
147 141
147 142
147 143
147 144
147 145
147 146
147 147
147 148
147 149
147 150
148 150
149 150
150 150
